13
80
66
64
94
38
93
78
33
44
69
62
90
4
93
93
67
80
93
77
11
35
20
1
52
96
63
51
81
97
1
29
65
56
55
100
45
72
50
21
67
25
24
32
33
29
22
5
17
99
43
88
84
3
30
37
90
29
40
21
93
57
5
3
72
93
51
53
91
18
30
20
19
36
61
82
4
18
51
81
73
88
57
9
46
18
37
98
38
65
88
2
83
50
90
59
7
90
37
61
80
61
20
23
90
58
32
71
81
51
54
36
6
27
79
27
18
26
44
97
86
13
16
34
55
17
96
72
33
46
38
21
59
43
97
39
44
50
86
6
71
52
78
71
73
73
88
16
42
5
100
71
98
53
55
27
84
42
5
75
80
91
44
17
68
75
68
62
17
100
28
47
8
23
52
93
97
2
92
77
43
30
1
74
8
40
52
97
26
23
21
60
1
8
31
7
92
34
78
60
32
24
37
94
91
39
86
79
63
33
75
69
26
9
9
92
71
27
86
68
39
91
61
13
60
20
84
3
90
16
82
89
25
10
86
42
40
51
54
26
60
50
33
55
66
23
28
3
78
18
45
43
91
87
60
8
9
13
12
66
89
76
51
24
41
46
99
73
85
85
24
66
5
77
48
93
34
56
97
15
71
75
52
10
58
83
43
17
77
63
38
12
75
6
49
61
32
87
85
70
47
27
51
35
39
2
57
51
31
54
28
49
52
45
36
83
69
22
52
97
57
70
11
48
29
24
19
19
12
62
81
32
53
20
60
97
66
85
39
74
37
74
21
80
7
82
85
87
17
92
26
97
59
19
65
15
41
59
32
49
79
28
95
52
24
39
36
91
20
42
5
88
95
10
35
67
39
29
60
96
75
87
25
55
90
31
55
43
67
79
13
18
43
88
78
88
73
14
3
92
68
42
95
75
40
65
3
8
80
99
82
61
64
2
97
61
18
38
39
28
17
82
78
16
36
18
3
22
55
35
67
67
2
51
68
69
21
59
43
8
91
50
55
11
45
12
44
50
86
36
29
93
11
100
24
35
83
58
7
98
17
66
43
9
67
33
52
96
75
67
1
15
88
72
44
49
34
24
80
4
27
45
13
44
35
89
14
22
80
47
66
39
12
75
97
41
18
5
77
22
10
49
17
77
16
75
22
32
26
28
39
96
57
39
1
95
21
85
66
89
36
13
75
41
5
73
41
100
73
30
1
86
19
62
35
16
65
30
76
91
43
76
36
31
68
84
88
40
43
42
56
51
89
59
55
49
65
31
2
59
73
36
14
17
80
38
19
55
20
23
66
70
46
81
13
67
84
96
81
6
74
99
82
50
69
27
47
16
100
43
91
48
67
24
59
11
23
27
13
5
52
67
32
43
83
95
98
99
37
63
2
30
33
28
83
78
67
85
30
81
63
89
68
77
61
2
16
86
90
45
48
59
69
16
21
14
70
99
41
45
18
66
29
32
67
43
1
33
47
72
96
5
39
6
30
83
49
79
3
99
38
87
45
12
71
13
67
82
21
87
38
49
21
66
41
95
57
69
56
96
14
91
26
89
12
99
48
38
26
94
67
96
25
77
47
6
32
44
21
6
58
32
3
24
23
98
9
65
13
65
16
23
19
8
49
74
22
63
77
56
7
40
49
51
96
72
38
11
59
98
83
64
27
80
68
53
39
92
48
100
57
59
64
1
90
32
20
28
25
100
45
17
49
74
49
43
95
51
73
83
53
39
60
22
77
27
78
8
2
73
5
8
68
60
65
7
59
42
62
6
88
11
79
42
98
82
82
4
3
93
8
36
95
87
92
46
28
48
25
85
55
27
59
89
96
28
84
20
92
38
50
17
91
82
53
41
37
47
49
8
19
99
1
84
77
30
56
3
62
66
54
25
25
89
9
22
34
33
42
82
40
96
61
46
85
88
68
80
86
70
67
25
66
38
76
29
33
62
25
16
69
100
19
33
3
50
96
21
34
72
80
23
76
57
43
62
79
100
95
52
85
66
30
44
95
71
68
37
82
95
17
35
20
43
69
11
51
36
65
43
51
36
11
12
18
67
14
33
39
48
25
12
38
8
83
65
67
2
72
72
19
27
92
18
37
89
26
89
4
69
49
22
84
96
35
48
58
90
36
82
23
86
75
67
21
67
19
88
10
61
3
53
86
12
100
98
15
26
8
70
78
100
23
1
23
32
22
40
78
32
47
3
63
54
71
1
11
95
92
69
8
42
84
88
35
41
48
46
74
84
75
91
88
22
32
96
90
68
21
89
