7
2
16
12
24
16
1
9
3
14
12
3
17
22
12
15
11
15
11
22
6
1
11
4
10
10
17
20
15
1
15
23
7
3
16
25
15
2
10
14
24
19
13
2
5
7
18
20
19
17
25
5
17
15
16
25
3
6
7
19
10
8
7
25
3
10
8
19
2
5
11
5
24
4
18
20
25
3
8
9
19
14
14
1
17
6
11
16
22
13
20
16
13
6
22
7
12
20
5
16
4
25
7
22
13
21
20
6
7
3
4
22
7
16
12
8
3
3
1
16
12
22
23
16
19
9
4
14
22
22
14
25
15
2
5
5
7
25
9
11
10
25
3
25
21
9
4
1
15
12
24
12
19
13
1
5
21
24
19
25
23
22
21
23
1
5
2
8
4
25
20
19
10
16
19
18
2
22
12
10
8
15
9
8
19
21
15
8
8
3
16
20
10
18
12
12
21
5
2
18
