11
11
32
10
8
27
10
21
1
1
37
38
18
34
30
12
4
40
17
29
33
22
32
28
31
16
33
2
38
20
2
18
36
23
17
28
11
3
2
26
1
11
6
18
39
13
11
28
38
10
14
23
29
17
38
15
35
14
37
19
12
27
13
20
17
16
10
5
38
21
7
16
19
24
3
3
33
28
27
38
28
24
26
28
33
1
34
31
28
19
16
28
26
28
6
15
14
14
18
14
40
32
22
37
27
23
12
33
9
40
29
39
36
32
5
6
11
21
2
32
15
22
17
14
18
31
11
39
24
10
27
8
35
20
36
16
9
28
34
2
6
40
4
14
20
31
22
34
25
36
7
21
39
32
33
19
8
38
8
14
19
16
1
40
5
28
38
11
40
5
27
21
33
29
22
11
37
23
19
37
10
19
15
27
22
37
6
18
20
22
39
32
11
15
28
36
26
28
34
38
37
39
35
23
21
6
29
37
35
11
5
11
12
22
35
37
36
16
11
36
35
34
22
13
17
22
21
3
21
14
26
30
4
35
35
29
16
3
35
37
22
16
1
18
25
19
32
22
5
1
31
4
34
26
5
23
31
11
7
35
11
40
5
22
14
24
35
9
24
8
8
37
20
13
28
17
4
24
14
33
11
30
34
32
15
29
14
12
25
3
22
33
20
10
13
11
18
27
13
12
34
9
18
23
27
37
5
9
5
40
20
32
33
31
21
23
35
12
34
37
19
12
13
30
38
27
22
5
28
2
29
13
39
18
10
4
38
35
27
12
37
32
39
8
14
18
17
17
6
40
40
35
10
24
36
11
24
26
29
40
17
36
40
33
31
12
26
11
18
14
20
29
17
25
30
31
33
31
22
29
6
34
29
10
22
10
7
36
35
20
27
22
20
11
19
13
30
7
33
15
32
39
6
5
5
8
18
10
25
38
35
18
39
34
25
29
17
37
12
6
18
38
34
32
4
12
22
22
38
34
40
21
40
21
18
10
24
22
7
27
17
7
11
9
20
21
16
18
10
2
40
6
18
32
15
25
31
20
36
1
21
25
6
27
23
26
38
37
1
23
29
5
23
13
35
32
18
35
1
30
40
37
5
36
13
19
18
5
30
9
13
31
39
14
21
5
18
40
19
19
38
8
36
38
12
33
37
15
31
9
22
14
38
5
32
31
3
27
2
7
21
37
5
27
30
29
40
34
6
37
12
10
16
36
4
30
24
25
21
14
38
5
3
18
36
30
32
6
27
24
27
7
22
38
34
36
5
12
30
7
34
17
27
32
14
19
11
2
40
18
33
8
4
36
8
11
22
18
40
36
39
5
31
25
28
15
38
1
33
26
21
26
14
33
36
18
27
27
19
39
36
9
18
25
36
3
30
2
14
40
7
27
30
1
7
37
3
26
6
23
4
10
28
21
29
34
37
19
16
26
10
23
19
17
1
18
7
22
21
26
13
28
30
19
10
18
9
15
31
36
13
20
23
36
26
36
32
31
22
10
4
1
19
31
30
33
22
37
4
31
6
18
33
2
8
28
31
15
28
10
15
35
37
32
24
12
23
9
21
21
6
31
29
28
34
16
15
27
34
3
23
37
28
13
39
28
33
23
7
20
32
23
30
9
19
31
18
39
15
36
27
9
26
16
34
16
15
22
7
10
34
11
10
39
3
37
9
32
29
18
27
6
14
28
1
30
28
28
40
12
4
14
38
38
37
7
23
15
22
8
22
8
36
29
13
28
40
20
31
22
7
9
23
24
40
19
20
13
13
34
40
25
7
20
4
23
13
30
29
32
29
8
27
39
12
9
38
34
29
32
39
26
28
38
12
35
30
24
5
40
6
18
24
38
9
28
26
9
11
20
27
38
7
17
35
18
15
35
31
34
5
37
17
35
3
25
20
30
27
21
13
5
25
8
14
13
13
40
38
40
31
13
38
20
39
37
29
21
23
28
13
6
33
6
14
22
29
38
28
2
40
13
23
34
5
34
37
35
20
11
37
29
10
34
35
6
18
15
3
29
12
8
5
22
34
8
16
6
23
13
18
3
20
11
16
12
13
20
21
24
24
35
27
7
23
10
21
19
21
13
19
7
3
31
10
29
37
24
39
16
1
5
28
12
35
28
8
28
4
25
16
38
21
26
4
32
9
9
2
28
4
40
1
12
21
8
2
39
11
32
9
1
10
37
21
38
23
26
8
10
25
15
7
39
29
22
5
37
23
17
2
26
36
39
39
15
17
1
26
39
22
34
34
32
15
18
39
32
37
20
37
2
7
28
34
37
38
40
11
38
24
33
1
7
13
16
4
15
11
33
12
10
10
24
33
5
20
21
13
1
36
27
17
40
26
23
12
31
33
33
27
16
18
11
14
8
11
40
10
5
31
16
3
15
12
4
36
28
7
35
1
13
19
37
4
7
12
28
20
32
33
20
14
25
5
23
37
7
8
27
28
36
14
36
2
15
22
6
2
38
32
35
7
35
28
8
5
5
3
35
18
29
35
9
15
26
10
26
4
14
24
37
8
38
24
5
40
24
27
22
22
32
10
39
21
36
16
32
17
25
12
34
15
29
33
26
33
29
26
40
22
9
19
5
4
28
2
10
13
1
32
4
3
11
3
33
4
37
17
2
14
27
33
7
17
2
32
25
29
13
4
38
30
5
27
17
26
31
22
23
35
7
21
12
9
23
13
2
6
39
4
8
2
39
26
21
37
38
33
9
16
4
34
21
36
16
18
12
13
33
31
2
16
35
31
9
25
26
2
10
17
19
31
36
1
25
25
10
8
1
39
35
5
33
18
26
10
19
27
35
33
9
20
2
38
16
34
2
14
36
20
16
18
22
31
22
19
17
32
17
3
8
26
26
35
14
27
36
39
39
24
37
33
32
22
36
23
11
12
32
34
4
10
15
39
30
16
8
30
24
30
26
14
13
16
14
24
20
40
34
30
13
24
37
3
23
22
28
27
11
27
35
26
36
40
15
27
10
31
22
17
8
27
25
19
7
4
8
8
5
15
20
30
2
27
36
10
26
23
40
29
38
32
4
39
37
20
5
30
13
12
3
35
40
22
10
30
26
4
19
29
7
7
1
1
36
12
17
10
15
15
16
23
16
22
11
33
2
12
27
38
7
3
15
31
18
5
33
26
36
34
1
15
16
27
13
7
24
26
5
12
5
16
27
36
40
20
6
25
36
7
18
12
7
31
37
25
10
21
25
9
37
7
7
7
25
2
3
34
34
11
18
6
11
14
33
10
35
7
30
34
10
7
32
12
17
30
34
13
12
31
24
9
8
10
20
3
23
25
1
15
2
3
31
23
24
30
12
25
13
40
14
13
34
33
24
3
3
36
11
26
30
34
14
36
36
10
12
28
10
24
11
2
15
37
15
3
38
30
6
28
4
26
2
12
25
36
5
40
26
27
19
21
17
10
18
39
18
28
36
22
18
40
37
32
27
7
7
4
28
29
34
10
10
13
19
10
34
9
39
37
10
14
21
23
14
36
30
1
33
37
39
39
38
15
39
13
5
8
28
8
33
32
32
14
37
27
39
20
17
23
28
15
6
40
35
17
1
34
40
8
40
23
3
17
19
26
18
29
5
39
26
2
23
2
33
2
27
13
10
40
20
26
8
12
26
26
25
21
22
13
23
30
22
30
15
10
37
15
33
39
19
28
11
35
23
31
5
6
38
8
39
30
36
30
13
5
35
27
24
22
3
3
7
24
26
1
32
10
18
6
2
5
25
1
35
6
17
36
39
20
34
31
1
35
22
32
1
19
11
26
25
26
23
24
25
29
14
27
11
24
13
39
35
22
11
33
22
28
32
16
38
25
23
17
8
40
39
16
38
21
28
35
32
4
17
38
23
16
9
13
17
27
2
32
31
40
25
19
8
38
34
29
33
5
20
16
29
3
35
14
37
28
38
29
12
20
5
21
36
29
33
3
29
36
30
25
13
7
33
39
14
9
10
39
37
11
15
3
9
2
38
24
21
3
9
18
11
24
39
16
32
8
31
25
31
29
12
21
25
5
16
7
32
37
27
8
22
8
17
2
10
27
33
4
15
3
14
40
15
18
32
11
33
16
34
40
31
15
18
24
11
13
11
13
40
25
7
35
30
32
2
10
1
39
26
1
32
4
17
18
37
30
13
26
17
17
32
2
1
10
6
14
7
22
24
15
24
8
20
38
2
7
23
16
32
2
19
17
16
32
28
11
3
39
3
2
34
28
40
32
12
19
31
6
32
37
28
21
9
3
8
38
4
9
19
25
16
11
37
4
38
30
31
6
22
33
12
13
6
10
5
6
29
19
16
37
14
21
21
26
34
14
7
36
31
19
24
8
24
29
39
36
36
39
34
9
33
7
23
34
40
1
28
34
17
2
24
11
36
26
17
39
39
32
8
26
37
21
9
19
12
24
40
13
18
16
23
35
20
26
10
17
21
15
26
6
5
24
38
31
18
1
13
5
20
2
25
19
30
25
10
4
34
33
16
38
22
25
24
9
3
15
11
15
2
6
13
8
29
